10078
10104
10107
10108
10137
10138
10145
10147
10225
10299
10324
10401
10516
10562
10696
10874
10890
10909
10942
11081
11308
11403
11404
11415
11533
11552
11600
11607
11618
11674
11703
11754
11762
11786
11850
11891
11896
11955
11970
11976
11990
12052
12060
12062
12067
12073
12076
12079
12084
12140
12308
12345
12369
12431
12448
12449
12456
12476
12490
12503
12542
12558
12570
12591
12622
12623
12650
12872
12981
13035
13100
13103
13119
13141
13142
13168
13210
13323
13356
13407
13447
13511
13567
13586
13598
13628
13641
13688
13721
13760
13788
13821
13856
13901
13911
13928
13936
13949
13963
13964
13983
14008
14011
14277
14295
14297
14322
14323
14338
14541
14542
14579
14593
14601
14656
14702
14704
14714
14763
14776
14882
14889
14891
14939
15069
15077
15202
15272
15291
15315
15401
15404
15408
15456
15472
15488
15553
15560
15579
15667
15707
15719
15720
15797
15850
15980
16044
16087
16267
16276
16279
16342
16343
16346
16347
16424
16431
16432
16538
16544
16581
16600
16678
16692
16736
16816
16851
17005
17144
17279
17307
17478
17676
17700
17743
17750
17783
17806
17830
17942
18016
18065
18092
18142
18143
18163
18267
18312
18327
18403
18411
18420
18421
18428
18542
18576
18578
18592
18724
18726
18729
19166
19285
19286
19350
19393
19502
19561
19583
19788
19807
20053
20057
20190
20191
20220
20391
20415
20482
20626
21020
21124
21178
21186
21207
21371
21573
21776
21792
21936
21979
22032
22103
22111
22293
22509
22517
22592
22623
22752
22779
22840
22947
22976
23026
23077
23085
23114
23229
23309
23318
23393
23473
23501
23536
23568
23570
23579
23660
23712
23819
23876
23887
23915
23931
23942
23944
23990
24010
24046
24053
24109
24174
24175
24205
24221
24272
24328
24360
24459
24563
24643
24766
24877
24878
24942
24985
25013
25081
25099
25146
25232
25320
25419
25434
25487
25582
25769
25778
25785
25953
26112
26382
26403
26518
26710
26825
27043
27422
27430
27633
27713
27756
27828
27887
27959
27983
27991
28222
28345
28388
28484
28804
29102
29946
30382
30681
30940
32379
32707
32791
32803
32870
32942
32986
34032
34746
34817
34833
35044
35051
35554
36003
36397
36468
36469
37161
37284
37584
38093
38156
38682
38703
38762
39087
39490
39538
39642
39917
40061
40125
40272
40416
40539
41080
41355
41443
42024
42083
42200
42534
42585
42796
42877
42906
43123
43350
43449
43553
43772
44206
44329
44601
44644
44951
45241
45277
45356
45495
45671
45751
45794
45911
46578
46674
46703
46877
46886
47175
47466
47896
47941
48267
48274
48485
48486
48506
48653
48725
48960
49015
49154
49373
49429
49656
49680
49905
50017
50032
50227
50876
50906
51043
51263
51369
51377
51596
51706
52038
52090
52230
52329
52337
52476
52695
52708
52919
52978
53065
53225
53479
53613
53831
53866
54148
54181
54690
54827
55976
56223
56232
56274
56573
57568
57665
57809
57817
57904
58094
58246
58318
58413
58683
58819
58990
59010
59176
59184
59192
59248
59300
59328
59379
59408
59440
59459
60097
60206
60442
60506
60599
60628
60871
60943
60986
61065
61241
61399
61516
61621
61735
61815
62092
62148
62308
62498
62519
62770
62834
63060
63467
63765
63830
64186
64282
64311
64390
64451
64565
64653
64936
64995
65330
65402
65541
65787
65875
65883
65947
66093
66114
66157
66181
66325
66384
66800
67467
67598
68144
68304
68591
68857
69032
69550
69649
69796
70033
70092
70308
70332
70500
70519
70536
70578
71175
71563
72726
73139
73940
75034
75100
75107
75154
75175
75186
75224
75241
75257
75333
75341
75489
75510
75573
75577
75591
75592
75607
75646
75694
75789
75819
75825
75828
75857
75912
76076
76082
76090
76095
76149
76171
76185
76201
76226
76230
76240
76282
76557
76565
76605
76614
76619
76624
76625
76638
76639
76644
76656
76708
76709
76712
76744
76757
76795
76804
76841
76887
77037
77063
77129
77150
77157
77178
77182
77274
77281
77284
77338
77357
77418
77462
77481
77496
77546
77605
77606
77649
77659
77661
77668
77702
77730
77768
77976
78034
78139
78840
78877
78916
78927
78975
78987
79057
79089
79094
79103
79108
79129
79145
79212
79237
79265
79323
79411
79452
79545
79547
79588
79637
79678
79686
79698
79718
79782
79785
79879
79881
79906
79915
79973
80055
80080
80100
80183
80191
80204
80266
80286
80303
80320
80381
80399
80406
80539
80563
80599
80681
80711
80913
81045
81055
81061
81126
81138
81262
81285
81481
81540
81593
81655
81677
81696
81736
81774
81776
81857
82196
82276
82298
82303
82307
82486
82515
82581
82598
82618
82642
82643
82651
82686
82775
83111
83143
83332
83421
83435
83443
83596
83597
83621
83693
83699
83862
83906
83976
83981
84001
84020
84032
84036
84129
84176
84262
84342
84372
84373
84381
84519
84761
84767
84769
84788
85032
85035
85058
85072
85073
85238
85257
85265
85269
85271
85348
85459
85516
85522
85592
85593
85621
85631
85663
85675
85753
85792
85913
85914
85926
85963
85991
86021
86102
86111
86136
86158
86176
86228
86288
86305
86314
86339
86356
86580
86591
86725
86756
86783
86799
86845
86868
86946
86964
86979
86996
87034
87055
87070
87137
87184
87267
87292
87299
87432
87445
87447
87541
87657
87717
87842
88031
88182
88281
88313
88319
88352
88436
88446
88587
88590
88661
88664
88668
88837
88845
88853
88860
88873
88991
89002
89003
89004
89006
89014
89017
89031
89070
89071
89105
89138
89179
89195
89216
89217
89258
89269
89301
89393
89463
89508
89509
89525
89533
89565
89617
89626
89641
89757
89781
89813
89866
89954
90038
90071
90090
90110
90162
90199
90215
90248
90272
90305
90319
90352
90373
90386
90435
90441
90442
90454
90455
90505
90520
90537
90547
90601
90609
90664
90720
90805
90808
90829
90880
90979
90993
91041
91063
91068
91103
91143
91152
91207
91218
91233
91380
91388
91391
91392
91416
91461
91547
91556
91611
91650
91668
91849
91883
91907
91926
91937
92050
92108
92121
92156
92157
92203
92239
92293
92322
92402
92602
92611
92614
92618
92655
92709
92772
92778
92890
92988
93002
93089
93096
93132
93159
93246
93422
93429
93436
